0	0	128**
0	1	0567*
0	0	289**
0	2	01567
0	1	5012*
0	0	673**
0	1	5**8*
0	1	0**3*
0	1	5289*
0	2	01673
0	2	56012
0	0	734**
0	2	56128
0	1	0734*
0	2	56*89
0	2	01*34
0	0	501**
1	0	6782*
0	0	129**
1	2	*0678
0	1	6501*
1	0	7832*
0	1	6012*
1	1	*783*
0	1	6**9*
1	2	*0**3
0	2	67501
1	0	8342*
0	2	67012
1	1	*834*
0	2	67129
1	2	*0834
0	0	560**
2	0	78912
0	0	601**
2	1	*7892
0	1	7560*
2	0	89312
0	1	7601*
2	1	*8932
0	1	7012*
2	2	**893
0	2	78560
2	0	93412
0	2	78601
2	1	*9342
0	2	78012
2	2	**934
1	0	1237*
0	0	056**
1	0	2387*
0	1	1056*
1	0	3897*
0	2	12056
1	1	*238*
0	1	1567*
1	1	*389*
0	2	12567
1	2	*5123
0	0	674**
1	2	*5**8
0	1	1**4*
1	2	*5389
0	2	12674
1	0	5**8*
1	0	0**3*
1	0	1238*
1	1	*067*
1	0	2398*
1	2	*1067
1	1	*512*
1	0	6783*
1	1	*239*
1	2	*1678
1	2	*6512
1	0	7843*
1	2	*6123
1	1	*784*
1	2	*6**9
1	2	*1**4
1	0	5619*
2	0	07823
1	0	6**9*
2	1	*0**3
1	0	1239*
2	2	**078
1	1	*561*
2	0	78923
1	1	*612*
2	1	*7893
1	2	*7561
2	0	89423
1	2	*7612
2	1	*8943
1	2	*7123
2	2	**894
2	0	23467
0	0	015**
2	0	34867
0	1	2015*
2	0	48967
0	2	23015
2	1	*2347
0	0	156**
2	1	*3487
0	1	2156*
2	1	*4897
0	2	23156
2	2	**348
0	1	2567*
2	2	**489
0	2	23567
2	0	52378
1	0	0164*
2	0	23478
1	1	*016*
2	0	34978
1	2	*2016
2	1	*5**8
1	0	1**4*
2	1	*2348
1	1	*167*
2	1	*3498
1	2	*2167
2	2	**523
1	0	6784*
2	2	**349
1	2	*2678
2	0	56*89
2	0	01*34
2	0	62389
2	1	*0174
2	0	23489
2	2	**017
2	1	*5629
2	0	17834
2	1	*6**9
2	1	*1**4
2	1	*2349
2	2	**178
2	2	**562
2	0	78934
2	2	**623
2	1	*7894
